%Multidimensional scaling lecture:

facial=[
0.00	4.05	8.25	5.57	1.15	2.97	4.34	4.90	6.25	1.55	1.68	6.57	3.93
4.05	0.00	2.54	2.69	2.67	3.88	8.53	1.31	1.88	4.84	5.81	7.43	4.51
8.25	2.54	0.00	2.11	8.98	9.27	11.87	2.56	0.74	9.25	7.92	8.30	8.47
5.57	2.69	2.11	0.00	3.78	6.05	9.78	4.21	0.45	4.92	5.42	8.93	3.48
1.15	2.67	8.98	3.78	0.00	2.34	7.12	5.90	4.77	2.22	4.34	8.16	1.60
2.97	3.88	9.27	6.05	2.34	0.00	1.36	5.18	5.45	4.17	4.72	4.66	4.89
4.34	8.53	11.87	9.78	7.12	1.36	0.00	8.47	10.20	5.44	4.31	1.57	9.18
4.90	1.31	2.56	4.21	5.90	5.18	8.47	0.00	2.63	5.45	3.79	6.49	6.05
6.25	1.88	0.74	0.45	4.77	5.45	10.20	2.63	0.00	7.10	6.58	9.77	6.55
1.55	4.84	9.25	4.92	2.22	4.17	5.44	5.45	7.10	0.00	1.98	4.93	4.12
1.68	5.81	7.92	5.42	4.34	4.72	4.31	3.79	6.58	1.98	0.00	4.83	3.51
6.57	7.43	8.30	8.93	8.16	4.66	1.57	6.49	9.77	4.93	4.83	0.00	12.65
3.93	4.51	8.47	3.48	1.60	4.89	9.18	6.05	6.55	4.12	3.51	12.65	0.00
];

% 1 Grief at death of mother
% 2 Savoring a coke
% 3 Very pleasant surprise
% 4 Maternal love-baby in arms
% 5 Physical exhaustion
% 6 Something wrong with plane
% 7 Anger at seeing dog beaten
% 8 Pulling hard on seat of chair
% 9 Unexpectedly meets old boy friend
% 10 Revulsion
% 11 Extreme pain
% 12 Knows plane will crash
% 13 Light sleep 